# N
8

# Grid: N lines, 0 means empty
0, 6, 0, 0, 1, 0, 7, 0
0, 0, 0, 6, 0, 0, 1, 0
0, 0, 0, 0, 0, 0, 0, 2
0, 0, 0, 0, 0, 0, 3, 5
0, 0, 0, 0, 0, 0, 0, 0
0, 0, 0, 0, 0, 0, 0, 0
6, 0, 0, 4, 7, 8, 0, 0
0, 0, 0, 0, 2, 0, 0, 0

# Horizontal constraints: N lines with N-1 values
# 0 = none, 1 = "<", -1 = ">"
0, 0, 0, 0, 0, 0, 0
0, 0, -1, -1, 0, -1, 0
-1, 1, -1, 1, 0, 1, -1
0, 0, 0, -1, -1, -1, 0
0, -1, 0, 1, 1, 0, -1
0, 0, 0, 0, 0, 0, 0
0, -1, 0, 1, 1, 0, 0
1, -1, -1, 0, -1, 0, 0

# Vertical constraints: N-1 lines with N values
# 0 = none, 1 = "<" (top < bottom), -1 = ">" (top > bottom)
0, 0, 0, 0, 1, 0, 0, 0
0, 0, -1, 0, 1, 0, 0, 0
0, 0, -1, 0, -1, 1, 0, 0
0, 1, 0, -1, 0, 1, 1, 0
0, 0, 0, 0, -1, 0, 1, 0
0, 1, 0, 0, 0, 1, 0, -1
0, 0, 1, 0, -1, 0, 0, 0