# N
9

# Grid: N lines, 0 means empty
2, 1, 0, 0, 5, 0, 8, 9, 4
0, 4, 0, 2, 0, 0, 0, 0, 7
0, 0, 1, 7, 0, 5, 0, 0, 0
0, 0, 2, 4, 0, 0, 0, 8, 0
0, 6, 3, 0, 0, 0, 7, 0, 0
6, 0, 0, 1, 8, 0, 0, 0, 3
0, 0, 0, 0, 3, 0, 0, 0, 0
8, 0, 5, 0, 7, 4, 0, 0, 0
9, 8, 6, 0, 4, 0, 5, 1, 2

# Horizontal constraints: N lines with N-1 values
# 0 = none, 1 = "<", -1 = ">"
0, 1, -1, 0, 0, 1, 0, 0
0, 0, 0, 0, -1, 0, 1, 0
1, -1, 0, -1, 0, -1, 0, 1
0, -1, 0, 0, 0, 0, 0, -1
1, 0, 1, -1, 0, -1, 0, 0
0, 0, 0, 0, -1, 0, 1, -1
0, 0, 0, 0, -1, 1, 0, 0
0, 0, 0, 0, -1, 0, 0, -1
0, 0, 0, 0, 0, -1, 0, 0

# Vertical constraints: N-1 lines with N values
# 0 = none, 1 = "<" (top < bottom), -1 = ">" (top > bottom)
0, 0, 0, 0, 0, 1, 0, 0, 0
0, 1, 0, 0, -1, 0, 1, 0, 0
0, 0, 0, 0, 0, 0, 0, 0, -1
0, 1, 0, 0, 1, 0, 0, -1, 0
0, 0, 0, -1, 1, 0, -1, 1, 0
-1, 1, 0, 0, 0, -1, 0, 0, 0
0, 0, 0, 0, 0, 0, 0, 1, 0
0, 0, 1, 0, -1, 1, 0, 0, 1